q,w,e,0,0,0,00000000000000000000000000000000000000000000000000000000000000000000000000000000000000000000000000000000000000000000000000000000000000000000000000000000000000000000000000060000000066000000006702000550,1601,8,,-1,,-1,
t,y,u,0,0,0,00000000000000000000000000000000000000000000000000000000000000000000000000000000000000000000000000000000000000070070000077777730002266333000344777665033344726603334472220226677222024466766202445777660,1501,9,00000000000000000000000000000000000000000000000000033224400113321440011763665021130666622113056644518888889888988888888888888988889888888888888889888888898888888888889888888888888988888898888888889888,28,,-1,
cypor,kador,cypor,0,0,0,00000000000000000000000000000000000000000000000000000000000000000000000000000000000000000006600000004466522250135522766013652666201666276620166677722044655444404455544440177755441011744544101174433310,1001,6,00000000000000000000000000000000000000000000000000000000000000000000000000000000000000000000000000000000000000000004444210070444429888888888888988888888988888888888888889888889888888888888899888888888,28,,-1,
w,e,r,0,0,0,00000000000000000000000000000000000000000000000000000000000000000000000000000000000000000000000000000000000000000000000000000000000000000000000000000000000000004405005330440557553022005775302440572221,1301,7,00000000000000000000000000000000000000000000000000000000000000000000000000000000000000000012250000001275544002888888888988988888888888888988888888898888888889889888888888988888888888889888888888988888,38,,-1,
b,n,m,0,30,0,00000000000000000000000000000000000000000000000000000000000000000000000000000000000000000000000000000000000000000000000070060000007766000000756000000075544440007754444000777755440066755244002664422270,2402,12,,-1,,-1,
p,o,i,0,0,0,00000000000000000000000000000000000000000000000000000000000000000000000000000000000000000000700000007772440000777244344076223334406633377760673777766077777336606677733660766333367077566667707555666670,801,4,00000000000000000000000000000000000000000000000000000000000000000000000000000000000000000000000000000000000000070000044188888988888889888888888889888889888888888988888888898888888888889888888888889888,34,00000000000000000000000000000000000000000000000000000000000000000000000000000000000000000044000000004470000000447700600044760660303066063330306002263333222266034444226053055555443555766552300771665233,261,
j,k,l,0,0,0,,-1,-1,,-1,,-1,
y,u,i,0,0,0,00000000000000000000000000000000000000000000000000000000000000000000000000000000000000000000000000000000000000000000000000000000000000000000000000000000000000000000000000522270070055227767701525766770,2402,12,00000000000000000000000000000000000000000000000000000000000000000000000000000000000000000000000000000000000000000000000000000000000000000000006600000070266111108988888888888888889888988888888888888988,28,,-1,
d,f,g,0,38,0,00000000000000000000000000000000000000000000000000000000000000000000000000000000000000000000000000000007000000220770000022073000002233355000226655622044266662104422265210222222551066233265101666366660,901,5,,-1,,-1,
e,r,u,0,0,0,00000000000000000000000000000000000000000000000000000000000000000000000000000000000000000000000000000000000000000050000000775500000777754400667744440076674444007777444400755744440055111144303111134430,901,5,00000000000000000000000000000000000000000000000000000000000000000000000000000000000000000000001000000000100001005010070100551067718898888888888888898888988888889888888888898888888888888889888888888898,26,,-1,
a,b,c,0,120,0,00000000000000000000000000000000000000000000000000000000000000000000000000000000000000000000000000000000000000000000000000000000000000000000000000000000000000000000000000000000000000000000600000200660,33315,210,,-1,,-1,
porky,pork,pork,0,0,0,,-1,-1,,-1,,-1,